layer,head,mean_subj_RS
2,11,0.0487495919407627
6,4,0.0482496802902974
7,1,0.0433558332101404
5,10,0.0417871956082043
5,11,0.0408886610241254
1,9,0.0401984158483203
1,4,0.0377414035552029
8,1,0.0369739807890772
4,12,0.0357156213353123
6,5,0.0339121030697659
9,2,0.0321960990897962
7,3,0.0314013764443555
9,12,0.0299179205345431
1,6,0.0274840358942482
5,7,0.0270438330121987
3,9,0.0270132642582373
7,10,0.026601146328362
6,11,0.0260680195582114
4,9,0.025787030450126
11,5,0.0253637722897332
3,12,0.0253145157679853
7,2,0.0251417268571716
4,7,0.0243793584742374
3,8,0.0229931305501063
9,8,0.0228732646265828
10,3,0.0228412946729649
6,3,0.0228350827093876
1,2,0.0225218629582155
9,5,0.0225006738403952
4,11,0.0216628320823045
